,City,Lat,Lng,Max Temp,Humidity,Cloudiness,Wind Speed,Country,Date
0,san cristobal,7.7669,-72.225,80.6,69,40,8.05,VE,1611964853
1,ushuaia,-54.8,-68.3,42.8,75,75,21.85,AR,1611964803
2,khatanga,71.9667,102.5,-43.08,74,0,3.89,RU,1611964854
3,nosy varika,-20.5833,48.5333,76.59,85,27,4.32,MG,1611964854
4,nanortalik,60.1432,-45.2371,32.47,90,100,8.43,GL,1611964854
5,nikolskoye,59.7035,30.7861,32.0,93,75,8.95,RU,1611964855
6,cape town,-33.9258,18.4232,70.0,83,40,9.22,ZA,1611964856
7,mataura,-46.1927,168.8643,64.72,44,21,2.75,NZ,1611964857
8,bereda,43.2686,-7.5406,54.0,96,100,14.0,ES,1611964858
9,bethel,41.3712,-73.414,17.6,45,1,9.22,US,1611964858
10,bluff,-46.6,168.3333,54.28,69,66,7.14,NZ,1611964859
11,yar-sale,66.8333,70.8333,-40.49,81,17,4.0,RU,1611964859
12,qaanaaq,77.484,-69.3632,-14.67,62,0,5.17,GL,1611964860
13,albany,42.6001,-73.9662,14.0,69,40,1.01,US,1611964816
14,skibbereen,51.55,-9.2667,44.6,100,75,26.46,IE,1611964861
15,harrison,30.4091,-89.0436,51.8,71,1,3.13,US,1611964863
16,avarua,-21.2078,-159.775,86.0,66,71,6.91,CK,1611964864
17,bathsheba,13.2167,-59.5167,77.0,78,40,11.5,BB,1611964864
18,beringovskiy,63.05,179.3167,-15.27,84,7,9.73,RU,1611964865
19,carutapera,-1.195,-46.02,79.84,79,100,8.88,BR,1611964865
20,cidreira,-30.1811,-50.2056,76.14,88,62,7.94,BR,1611964654
21,klaksvik,62.2266,-6.589,32.0,74,90,3.44,FO,1611964866
22,acoyapa,11.9703,-85.1711,82.4,65,40,11.5,NI,1611964867
23,adra,36.7496,-3.0206,53.6,100,90,10.56,ES,1611964867
24,new norfolk,-42.7826,147.0587,75.99,66,47,4.0,AU,1611964867
25,faanui,-16.4833,-151.75,80.53,67,76,2.89,PF,1611964868
26,tasiilaq,65.6145,-37.6368,15.8,57,90,28.77,GL,1611964868
27,bela,25.9333,81.9833,43.23,63,0,6.91,IN,1611964868
28,aksarka,66.5606,67.7975,-42.0,80,31,2.1,RU,1611964868
29,tagusao,9.1924,117.8141,78.64,76,100,6.33,PH,1611964869
30,gizo,-8.103,156.8419,85.19,74,93,15.68,SB,1611964869
31,lakes entrance,-37.8811,147.981,66.99,85,91,1.99,AU,1611964870
32,ahipara,-35.1667,173.1667,67.17,67,13,8.63,NZ,1611964870
33,kushmurun,52.4503,64.6311,17.91,92,79,9.82,KZ,1611964678
34,sibolga,1.7427,98.7792,74.25,89,100,2.01,ID,1611964870
35,touros,-5.1989,-35.4608,80.6,78,20,12.66,BR,1611964870
36,katsuura,35.1333,140.3,39.2,41,20,13.8,JP,1611964871
37,rikitea,-23.1203,-134.9692,80.42,66,59,6.2,PF,1611964871
38,saskylakh,71.9167,114.0833,-38.72,77,29,0.54,RU,1611964871
39,georgetown,5.4112,100.3354,77.0,83,20,4.61,MY,1611964845
40,houma,29.5958,-90.7195,60.8,55,1,8.05,US,1611964790
41,panjab,34.388,67.0233,10.92,65,0,3.51,AF,1611964872
42,airai,-8.9266,125.4092,63.88,100,100,4.29,TL,1611964872
43,tilichiki,60.4667,166.1,-2.36,93,91,11.65,RU,1611964873
44,jamestown,42.097,-79.2353,21.99,86,90,12.66,US,1611964636
45,quelimane,-17.8786,36.8883,80.6,89,40,2.73,MZ,1611964873
46,busselton,-33.65,115.3333,68.0,69,0,8.01,AU,1611964870
47,biak,-0.9131,122.8766,79.59,67,100,2.64,ID,1611964874
48,punta arenas,-53.15,-70.9167,50.0,57,0,21.85,CL,1611964692
49,taksimo,56.3444,114.8794,-37.12,76,55,0.54,RU,1611964875
50,fare,-16.7,-151.0167,80.38,68,79,3.11,PF,1611964876
51,dikson,73.5069,80.5464,-32.62,85,98,7.54,RU,1611964876
52,kruisfontein,-34.0033,24.7314,59.0,88,8,1.01,ZA,1611964877
53,sioux lookout,50.1001,-91.917,12.2,67,75,3.44,CA,1611964877
54,saint george,37.1041,-113.5841,46.4,66,90,11.5,US,1611964813
55,jalu,29.0331,21.5482,54.48,71,0,9.82,LY,1611964878
56,ekhabi,53.5102,142.9671,-4.4,89,100,10.74,RU,1611964881
57,kondinskoye,59.6481,67.41,-14.04,87,94,12.35,RU,1611964881
58,arraial do cabo,-22.9661,-42.0278,78.03,82,59,27.49,BR,1611964810
59,port alfred,-33.5906,26.891,64.99,88,3,1.99,ZA,1611964882
60,lagoa,39.05,-27.9833,59.23,78,31,11.7,PT,1611964882
61,northam,51.0333,-4.2167,48.0,94,100,5.01,GB,1611964883
62,nuuk,64.1835,-51.7216,26.6,80,0,9.22,GL,1611964883
63,tiksi,71.6872,128.8694,-32.21,84,100,4.0,RU,1611964883
64,rajnagar,24.8833,79.9167,45.37,56,0,4.72,IN,1611964883
65,lodwar,3.1191,35.5973,80.83,41,0,6.6,KE,1611964884
66,yerbogachen,61.2767,108.0108,-44.57,78,53,5.64,RU,1611964884
67,yellowknife,62.456,-114.3525,-16.01,76,20,6.91,CA,1611964884
68,korla,41.7597,86.1469,20.86,83,0,3.13,CN,1611964884
69,kununurra,-15.7667,128.7333,82.4,89,100,12.66,AU,1611964796
70,sibu,2.3,111.8167,75.2,100,40,0.98,MY,1611964885
71,mazagao,-0.115,-51.2894,80.6,83,75,4.61,BR,1611964885
72,fallon,39.4735,-118.7774,37.4,81,40,1.39,US,1611964886
73,puerto ayora,-0.7393,-90.3518,79.0,89,83,5.99,EC,1611964886
74,norsup,-16.0667,167.3833,83.71,73,94,12.8,VU,1611964886
75,kismayo,-0.3582,42.5454,76.78,83,0,13.78,SO,1611964886
76,clovis,36.8252,-119.7029,57.0,50,40,1.3,US,1611964887
77,bredasdorp,-34.5322,20.0403,65.73,81,61,4.25,ZA,1611964887
78,mehamn,71.0357,27.8492,22.62,96,100,17.2,NO,1611964887
79,vaini,-21.2,-175.2,75.2,100,90,13.8,TO,1611964887
80,ewa beach,21.3156,-158.0072,80.6,50,90,12.66,US,1611964888
81,severnyy-kospashskiy,59.0925,57.8008,10.0,61,100,5.01,RU,1611964888
82,sao filipe,14.8961,-24.4956,75.24,56,88,9.46,CV,1611964888
83,ponta do sol,32.6667,-17.1,57.0,75,66,5.01,PT,1611964888
84,kahului,20.8947,-156.47,80.6,54,20,24.16,US,1611964730
85,bonanza,14.0289,-84.591,72.84,71,18,4.79,NI,1611964889
86,bengkulu,-3.8004,102.2655,75.4,85,100,4.34,ID,1611964814
87,mahebourg,-20.4081,57.7,80.6,78,40,6.91,MU,1611964889
88,porto novo,6.4965,2.6036,84.2,84,40,12.66,BJ,1611964889
89,kafanchan,9.5833,8.3,71.47,22,0,9.64,NG,1611964890
90,kharan,28.5833,65.4167,49.06,31,14,2.51,PK,1611964890
91,ostrovnoy,68.0531,39.5131,7.9,93,100,18.01,RU,1611964890
92,cayenne,4.9333,-52.3333,78.8,100,75,11.97,GF,1611964890
93,lander,42.833,-108.7307,44.6,33,90,18.41,US,1611964891
94,longyearbyen,78.2186,15.6401,-0.4,55,20,23.02,SJ,1611964891
95,ribeira grande,38.5167,-28.7,60.6,81,6,19.6,PT,1611964891
96,tezu,27.9167,96.1667,57.76,36,22,2.98,IN,1611964891
97,dabra,25.9,78.3333,47.12,51,0,3.94,IN,1611964892
98,butaritari,3.0707,172.7902,80.82,75,95,16.46,KI,1611964892
99,hamilton,39.1834,-84.5333,28.99,59,1,4.61,US,1611964892
100,namibe,-15.1961,12.1522,73.33,75,55,7.16,AO,1611964892
101,grand gaube,-20.0064,57.6608,78.01,84,1,3.0,MU,1611964892
102,marshall,34.3834,-86.3333,42.8,45,1,1.63,US,1611964893
103,constitucion,-35.3333,-72.4167,61.45,93,100,5.03,CL,1611964856
104,jatai,-17.8814,-51.7144,70.45,85,98,3.8,BR,1611964893
105,napoleon,41.3923,-84.1252,28.4,50,1,0.6,US,1611964893
106,barrow,71.2906,-156.7887,-11.2,77,90,10.36,US,1611964894
107,tuatapere,-46.1333,167.6833,62.56,46,2,3.65,NZ,1611964894
108,tuktoyaktuk,69.4541,-133.0374,-34.6,67,20,2.3,CA,1611964894
109,chokurdakh,70.6333,147.9167,-25.65,85,100,8.39,RU,1611964895
110,lompoc,34.6391,-120.4579,50.0,87,75,4.61,US,1611964648
111,yarada,17.65,83.2667,69.8,100,20,2.3,IN,1611964895
112,trinidad,-14.8333,-64.9,76.39,91,99,4.65,BO,1611964895
113,havre-saint-pierre,50.2334,-63.5986,12.2,67,1,6.91,CA,1611964896
114,lata,40.1629,-8.3327,57.99,100,100,8.99,PT,1611964896
115,lebu,-37.6167,-73.65,57.72,91,96,4.41,CL,1611964896
116,naze,28.3667,129.4833,53.6,54,75,9.22,JP,1611964896
117,castro,-24.7911,-50.0119,65.35,97,99,4.03,BR,1611964700
118,atuona,-9.8,-139.0333,78.73,76,5,19.62,PF,1611964897
119,east london,-33.0153,27.9116,70.43,68,21,0.83,ZA,1611964897
120,chuy,-33.6971,-53.4616,69.39,90,1,4.12,UY,1611964897
121,winslow,35.0242,-110.6974,42.8,61,90,14.97,US,1611964898
122,pahrump,36.2083,-115.9839,52.0,48,88,5.99,US,1611964730
123,imeni poliny osipenko,52.4201,136.4853,-7.06,91,100,9.66,RU,1611964898
124,la ronge,55.1001,-105.2842,8.6,85,98,4.61,CA,1611964899
125,kodiak,57.79,-152.4072,35.6,64,20,12.66,US,1611964899
126,torbay,47.6666,-52.7314,28.0,86,90,24.16,CA,1611964899
127,san andres,12.5847,-81.7006,82.4,69,20,11.5,CO,1611964899
128,kapaa,22.0752,-159.319,77.0,69,75,19.57,US,1611964899
129,lodja,-3.4833,23.4333,70.63,83,89,1.21,CD,1611964899
130,sinop,41.7711,34.8709,33.31,78,46,13.38,TR,1611964900
131,sabang,5.8933,95.3214,81.54,76,84,21.79,ID,1611964900
132,port elizabeth,-33.918,25.5701,62.6,82,0,5.75,ZA,1611964900
133,tura,25.5198,90.2201,53.13,54,0,1.7,IN,1611964900
134,san jose,37.3394,-121.895,55.99,54,75,9.22,US,1611964804
135,kamenka,51.3223,42.7678,33.01,92,94,20.92,RU,1611964900
136,cururupu,-1.8283,-44.8683,78.1,83,95,4.99,BR,1611964901
137,kaduna,10.5222,7.4383,71.01,21,47,10.16,NG,1611964901
138,aswan,24.0934,32.907,51.17,47,0,8.08,EG,1611964901
139,marawi,7.9986,124.2928,71.24,80,80,2.46,PH,1611964902
140,san juan evangelista,17.9,-95.1333,77.0,83,75,11.5,MX,1611964902
141,cabedelo,-6.9811,-34.8339,80.6,78,20,8.05,BR,1611964902
142,roebourne,-20.7833,117.1333,84.83,64,57,3.0,AU,1611964902
143,bucerias,20.75,-105.3333,75.2,78,40,11.5,MX,1611964903
144,hobart,-42.8794,147.3294,75.99,53,20,8.05,AU,1611964768
145,pemangkat,1.1667,108.9667,75.34,93,100,9.13,ID,1611964865
146,isangel,-19.55,169.2667,86.0,66,40,9.22,VU,1611964903
147,kavaratti,10.5669,72.642,80.19,73,14,10.85,IN,1611964903
148,the valley,18.217,-63.0578,77.0,88,20,4.61,AI,1611964904
149,tessalit,20.1986,1.0114,62.76,26,0,13.18,ML,1611964904
150,hilo,19.7297,-155.09,71.6,83,90,3.44,US,1611964740
151,hermanus,-34.4187,19.2345,64.0,83,77,3.0,ZA,1611964904
152,hornepayne,49.2138,-84.7705,0.18,93,99,3.67,CA,1611964904
153,luderitz,-26.6481,15.1594,68.68,42,0,20.78,NA,1611964905
154,pangnirtung,66.1451,-65.7125,-9.4,77,1,1.83,CA,1611964905
155,marshalltown,42.0494,-92.908,24.8,80,1,14.97,US,1611964905
156,camapua,-19.5314,-54.0439,71.58,75,86,1.39,BR,1611964906
157,ilulissat,69.2167,-51.1,-0.4,60,0,4.61,GL,1611964906
158,aurora,39.7294,-104.8319,57.2,30,20,8.05,US,1611964814
159,severo-kurilsk,50.6789,156.125,22.59,91,99,15.35,RU,1611964906
160,lima,-12.0432,-77.0282,73.4,68,0,13.8,PE,1611964749
161,narsaq,60.9167,-46.05,44.6,29,75,23.02,GL,1611964907
162,hofn,64.2539,-15.2082,30.74,87,49,5.5,IS,1611964869
163,la libertad,-2.2333,-80.9,82.4,78,75,8.05,EC,1611964907
164,zheleznodorozhnyy,55.7503,38.0042,28.99,80,75,11.18,RU,1611964907
165,thompson,55.7435,-97.8558,10.4,79,90,5.75,CA,1611964908
166,sangar,63.9242,127.4739,-48.93,74,100,2.15,RU,1611964908
167,dzilam gonzalez,21.2833,-88.9333,69.94,71,2,8.01,MX,1611964908
168,yunyang,33.4474,112.7142,41.41,63,48,1.57,CN,1611964908
169,filadelfia,39.9523,-75.1638,25.0,39,20,11.5,US,1611964909
170,mar del plata,-38.0023,-57.5575,73.4,68,0,8.05,AR,1611964909
171,norman wells,65.282,-126.8329,-29.2,75,20,2.3,CA,1611964909
172,nishihara,26.1842,127.7558,59.0,54,40,8.05,JP,1611964909
173,victoria,22.2855,114.1577,60.01,72,0,1.99,HK,1611964625
174,san juan,-31.5375,-68.5364,86.36,22,72,10.16,AR,1611964708
175,puerto escondido,15.85,-97.0667,82.4,74,75,10.36,MX,1611964910
176,bambous virieux,-20.3428,57.7575,80.6,78,40,6.91,MU,1611964910
177,sur,22.5667,59.5289,63.52,53,0,7.78,OM,1611964910
178,nsanje,-16.92,35.262,74.64,94,100,3.27,MW,1611964910
179,gamba,-2.65,10.0,78.53,87,100,8.39,GA,1611964911
180,cheremukhovo,60.3484,59.9851,-11.94,89,100,6.6,RU,1611964911
181,upernavik,72.7868,-56.1549,-7.76,83,61,11.3,GL,1611964911
182,yashkul,46.1711,45.3435,35.24,84,80,5.7,RU,1611964911
183,mayya,61.7333,130.2811,-49.0,53,100,2.24,RU,1611964911
184,prince rupert,54.3161,-130.3201,37.4,70,90,14.97,CA,1611964804
185,pevek,69.7008,170.3133,-29.54,85,4,2.8,RU,1611964912
186,pauini,-7.7136,-66.9764,74.8,97,100,1.52,BR,1611964912
187,devonport,-41.1667,146.35,64.0,80,75,1.99,AU,1611964912
188,pakdasht,35.4752,51.6807,48.2,66,75,9.22,IR,1611964912
189,smithers,54.7804,-127.1743,15.8,67,75,11.5,CA,1611964912
190,rudsar,37.1376,50.288,51.66,81,100,1.43,IR,1611964913
191,itarema,-2.9248,-39.9167,79.65,81,91,11.7,BR,1611964913
192,esperance,-33.8667,121.9,60.8,82,0,8.05,AU,1611964913
193,sisimiut,66.9395,-53.6735,8.96,77,0,10.11,GL,1611964913
194,pitea,65.3172,21.4794,1.4,85,90,12.66,SE,1611964913
195,ipil,7.75,122.5167,77.61,81,92,7.85,PH,1611964914
196,vanimo,-2.6741,141.3028,82.35,73,100,8.63,PG,1611964892
197,victor harbor,-35.5667,138.6167,66.0,74,100,3.0,AU,1611964914
198,gumla,23.05,84.55,48.42,53,0,4.23,IN,1611964914
199,port augusta,-32.5,137.7667,71.01,68,90,11.5,AU,1611964915
200,diego de almagro,-26.3667,-70.05,64.72,41,0,3.87,CL,1611964888
201,orje,59.4802,11.6602,10.0,89,0,2.21,NO,1611964915
202,shubarshi,48.5872,57.1869,20.16,96,100,9.22,KZ,1611964916
203,lavrentiya,65.5833,-171.0,-15.92,82,0,10.54,RU,1611964916
204,partyzany,46.3314,34.7503,41.25,85,100,11.25,UA,1611964916
205,zacualtipan,20.65,-98.6,52.9,97,81,4.09,MX,1611964916
206,kapiri mposhi,-13.9652,28.6809,62.82,95,95,1.1,ZM,1611964916
207,talara,-4.5772,-81.2719,75.25,80,6,13.15,PE,1611964917
208,nizhnyaya tavda,57.6731,66.1725,9.7,96,100,6.93,RU,1611964917
209,tautira,-17.7333,-149.15,86.0,58,20,11.5,PF,1611964917
210,ketchikan,55.3422,-131.6461,35.6,75,90,11.5,US,1611964917
211,ancud,-41.8697,-73.8203,61.0,55,0,10.36,CL,1611964918
212,jiuquan,39.7432,98.5174,18.16,70,0,1.68,CN,1611964918
213,marau,-28.4492,-52.2,69.08,96,10,4.45,BR,1611964918
214,erdemli,36.605,34.3084,46.51,49,25,2.64,TR,1611964918
215,baft,29.234,56.6057,43.81,55,47,1.28,IR,1611964919
216,lorengau,-2.0226,147.2712,85.08,72,99,10.13,PG,1611964919
217,balaipungut,1.05,101.2833,75.2,88,40,5.75,ID,1611964919
218,khani,41.9563,42.9566,42.8,93,90,2.3,GE,1611964919
219,quatre cocos,-20.2078,57.7625,80.6,78,40,6.91,MU,1611964920
220,cockburn town,21.4612,-71.1419,71.6,56,75,17.27,TC,1611964920
221,sola,-13.8833,167.55,89.6,74,75,2.3,VU,1611964920
222,manzil salim,35.8567,8.4765,51.8,50,0,3.44,TN,1611964920
223,puerto del rosario,28.5004,-13.8627,64.4,82,0,5.75,ES,1611964829
224,anadyr,64.75,177.4833,-22.0,76,0,6.71,RU,1611964921
225,bilibino,68.0546,166.4372,-24.23,79,9,4.81,RU,1611964921
226,murgab,37.4966,61.9714,44.6,53,90,9.22,TM,1611964921
227,carnarvon,-24.8667,113.6333,80.6,61,1,4.61,AU,1611964921
228,kaliua,-5.0606,31.7936,64.89,95,100,4.34,TZ,1611964921
229,pontes e lacerda,-15.2261,-59.3353,75.72,82,67,3.53,BR,1611964922
230,bage,-31.3314,-54.1069,77.0,83,0,1.14,BR,1611964711
231,oriximina,-1.7656,-55.8661,76.37,91,92,2.51,BR,1611964922
232,dakar,14.6937,-17.4441,66.2,82,0,9.22,SN,1611964923
233,lieksa,63.3167,30.0167,18.91,96,100,11.63,FI,1611964923
234,hithadhoo,-0.6,73.0833,81.34,76,49,10.85,MV,1611964923
235,flin flon,54.7682,-101.865,14.0,85,90,3.44,CA,1611964923
236,alofi,-19.0595,-169.9187,80.6,78,100,10.36,NU,1611964923
237,kavieng,-2.5744,150.7967,83.53,79,94,14.36,PG,1611964924
238,kilingi-nomme,58.1503,24.9642,25.23,98,100,8.63,EE,1611964924
239,tibiri,13.5627,7.0485,66.69,24,0,11.59,NE,1611964924
240,bahia blanca,-38.7196,-62.2724,67.89,49,83,12.88,AR,1611964925
241,huntington,38.4193,-82.4452,30.0,50,1,1.3,US,1611964838
242,cherskiy,68.75,161.3,-33.25,83,24,3.98,RU,1611964925
243,azul,-36.777,-59.8585,73.0,52,70,5.01,AR,1611964925
244,leningradskiy,69.3833,178.4167,-23.15,84,98,8.95,RU,1611964926
245,caravelas,-17.7125,-39.2481,76.84,81,0,6.33,BR,1611964928
246,lincoln,40.8,-96.667,36.0,86,100,1.99,US,1611964777
247,kizhinga,51.8462,109.9097,-16.6,87,100,1.12,RU,1611964928
248,polistena,38.406,16.08,63.0,97,82,7.0,IT,1611964929
249,port hardy,50.6996,-127.4199,42.8,87,90,18.41,CA,1611964929
250,cabo san lucas,22.8909,-109.9124,84.2,53,1,11.5,MX,1611964815
251,srednekolymsk,67.45,153.6833,-31.92,83,100,1.9,RU,1611964929
252,kikwit,-5.041,18.8162,71.47,94,100,2.13,CD,1611964930
253,farkhor,37.4922,69.4036,39.2,75,0,7.9,TJ,1611964930
254,marzuq,14.4,46.4667,57.52,35,0,3.74,YE,1611964930
255,husavik,66.0449,-17.3389,28.4,80,90,3.44,IS,1611964930
256,palasbari,26.1361,91.5486,53.6,87,40,1.5,IN,1611964930
257,portland,45.5234,-122.6762,48.2,61,75,3.44,US,1611964931
258,abidjan,5.3094,-4.0197,78.8,89,0,2.3,CI,1611964755
259,concordia,-31.393,-58.0209,78.01,84,83,5.41,AR,1611964859
260,pisco,-13.7,-76.2167,73.4,73,0,18.41,PE,1611964931
261,jalingo,8.8833,11.3667,74.55,19,0,5.57,NG,1611964743
262,xuddur,4.1213,43.8894,65.84,75,3,14.74,SO,1611964932
263,qalyub,30.1792,31.2056,55.4,58,0,9.22,EG,1611964932
264,ploemeur,47.7333,-3.4333,53.6,94,90,19.57,FR,1611964932
265,mackay,-21.15,149.2,82.4,74,40,12.66,AU,1611964932
266,bushehr,28.9684,50.8385,68.18,54,89,4.14,IR,1611964932
267,saint-augustin,51.226,-58.6502,15.37,91,0,14.65,CA,1611964932
268,clyde river,70.4692,-68.5914,-16.6,76,1,11.5,CA,1611964933
269,hervey bay,-25.2986,152.8535,82.0,68,10,5.99,AU,1611964933
270,turukhansk,65.8167,87.9833,-29.9,77,98,4.92,RU,1611964933
271,kaitangata,-46.2817,169.8464,55.99,77,80,5.01,NZ,1611964934
272,provideniya,64.3833,-173.3,-5.84,81,74,6.11,RU,1611964934
273,san patricio,28.017,-97.5169,71.6,68,90,16.11,US,1611964934
274,sheridan,44.8333,-106.9173,43.0,60,90,10.36,US,1611964934
275,middelburg,-25.7751,29.4648,63.05,81,41,3.53,ZA,1611964871
276,fuxin,42.0156,121.6589,6.35,75,16,5.35,CN,1611964935
277,souillac,-20.5167,57.5167,80.6,78,40,6.91,MU,1611964935
278,mocuba,-16.8392,36.9856,73.51,98,100,1.59,MZ,1611964935
279,terrak,65.087,12.3715,28.0,93,90,9.22,NO,1611964935
280,westport,41.1415,-73.3579,21.0,45,1,18.41,US,1611964936
281,cairns,-16.9167,145.7667,87.01,78,75,12.66,AU,1611964838
282,warrington,53.3925,-2.5802,42.8,87,90,17.27,GB,1611964826
283,henties bay,-22.116,14.2845,66.99,84,27,8.5,NA,1611964936
284,tottori,35.5,134.2333,32.0,93,75,5.75,JP,1611964660
285,tombouctou,20.0,-3.0,68.47,21,0,12.1,ML,1611964937
286,san lorenzo,-25.3333,-57.5333,77.0,94,40,6.91,PY,1611964937
287,malakal,9.5334,31.6605,75.92,15,0,10.2,SS,1611964937
288,buncrana,55.1333,-7.45,38.17,81,100,18.12,IE,1611964937
289,thunder bay,48.4001,-89.3168,10.4,61,20,4.61,CA,1611964937
290,dingle,10.9995,122.6711,74.59,90,100,11.72,PH,1611964937
291,oudtshoorn,-33.5907,22.2014,59.0,88,0,3.44,ZA,1611964938
292,avera,33.194,-82.5271,41.0,65,1,3.8,US,1611964938
293,udachnyy,66.4167,112.4,-37.52,80,83,4.23,RU,1611964938
294,kutum,14.2,24.6667,53.4,39,5,10.25,SD,1611964938
295,rocha,-34.4833,-54.3333,70.14,77,56,4.09,UY,1611964939
296,el rosario,24.2556,-107.1828,80.6,39,40,9.22,MX,1611964939
297,tomatlan,19.9333,-105.25,88.99,28,64,15.03,MX,1611964939
298,yulara,-25.2406,130.9889,82.4,44,100,17.27,AU,1611964939
299,bria,6.5423,21.9863,74.41,25,69,5.88,CF,1611964939
300,rodino,52.5,80.25,11.68,95,86,8.52,RU,1611964940
301,kaeo,-35.1,173.7833,69.01,72,45,5.99,NZ,1611964940
302,lerik,38.7726,48.4128,42.8,100,75,1.66,AZ,1611964940
303,maple creek,49.9168,-109.4848,24.8,78,75,4.61,CA,1611964940
304,aykhal,66.0,111.5,-36.58,80,93,7.83,RU,1611964940
305,mount isa,-20.7333,139.5,93.2,36,77,6.91,AU,1611964941
306,bull savanna,17.8868,-77.5902,73.02,81,24,5.59,JM,1611964941
307,honiara,-9.4333,159.95,83.75,76,97,8.3,SB,1611964941
308,parrita,9.5201,-84.3225,73.4,56,20,19.57,CR,1611964941
309,ust-kuyga,70.0167,135.6,-39.41,78,100,1.12,RU,1611964941
310,mount pleasant,32.7941,-79.8626,44.01,65,1,6.4,US,1611964941
311,batagay-alyta,67.8006,130.4114,-31.32,83,100,1.61,RU,1611964942
312,gazojak,41.1875,61.4036,44.6,53,85,13.29,TM,1611964942
313,chapais,49.7834,-74.8492,1.4,78,90,9.22,CA,1611964942
314,baykit,61.67,96.37,-40.0,74,91,4.61,RU,1611964942
315,broome,42.2506,-75.833,12.99,78,90,9.22,US,1611964942
316,amahai,-3.3333,128.9167,82.49,69,100,3.74,ID,1611964943
317,kurskaya,44.05,44.45,35.56,84,100,5.46,RU,1611964943
318,arcachon,44.5875,-1.0519,53.6,100,90,2.3,FR,1611964943
319,tayshet,55.9342,98.0044,-14.08,89,100,2.82,RU,1611964868
320,saint-pierre,-21.3393,55.4781,77.0,65,0,6.91,RE,1611964944
321,perehonivka,48.5355,30.5192,26.6,94,53,4.61,UA,1611964944
322,port-gentil,-0.7193,8.7815,78.8,89,20,5.75,GA,1611964871
323,banff,51.1762,-115.5698,32.0,69,86,4.61,CA,1611964809
324,varhaug,58.6147,5.6457,28.4,74,90,10.36,NO,1611964944
325,cap-aux-meules,47.3821,-61.8597,26.6,74,100,19.57,CA,1611964862
326,port lincoln,-34.7333,135.8667,64.02,63,76,11.23,AU,1611964945
327,huarmey,-10.0681,-78.1522,71.76,75,40,9.15,PE,1611964945
328,pimentel,-6.8367,-79.9342,75.2,64,0,23.02,PE,1611964945
329,santa cruz cabralia,-16.2781,-39.0247,78.8,69,20,12.66,BR,1611964945
330,saldanha,-33.0117,17.9442,64.2,91,0,10.89,ZA,1611964945
331,lasa,46.6166,10.7002,35.01,93,90,2.3,IT,1611964946
332,odweyne,9.4092,45.064,61.72,68,0,1.52,SO,1611964946
333,kingman,35.1894,-114.053,41.0,81,1,5.75,US,1611964946
334,banda aceh,5.5577,95.3222,77.59,80,70,13.78,ID,1611964686
335,bousse,12.6606,-1.8922,75.2,22,0,6.91,BF,1611964946
336,salalah,17.0151,54.0924,71.6,64,75,4.61,OM,1611964947
337,acapulco,16.8634,-99.8901,84.2,70,75,10.36,MX,1611964746
338,parfenyevo,58.484,43.4088,22.55,98,100,8.61,RU,1611964947
339,bondo,3.8146,23.6866,73.06,73,80,1.61,CD,1611964947
340,fortuna,40.5982,-124.1573,53.01,71,75,6.91,US,1611964947
341,ginir,7.1333,40.7,54.41,44,0,0.58,ET,1611964947
342,coahuayana,18.7333,-103.6833,80.6,57,75,3.65,MX,1611964948
343,sikonge,-5.6333,32.7667,64.06,95,99,3.06,TZ,1611964948
344,mackenzie,55.2999,-123.1698,1.4,78,90,4.61,CA,1611964948
345,karlstad,59.3793,13.5036,8.6,100,0,3.44,SE,1611964948
346,maragogi,-9.0122,-35.2225,77.95,83,98,10.47,BR,1611964948
347,coutances,49.05,-1.4333,48.99,100,90,17.27,FR,1611964949
348,xingyi,24.1877,102.817,47.91,97,89,3.8,CN,1611964949
349,mahibadhoo,3.7833,72.9667,80.31,76,3,14.29,MV,1611964949
350,umm lajj,25.0213,37.2685,62.65,51,8,12.77,SA,1611964894
351,gambo,4.6482,22.2633,68.81,88,83,0.96,CF,1611964949
352,harper,4.375,-7.7169,78.08,87,78,6.29,LR,1611964950
353,camaqua,-30.8511,-51.8122,74.28,91,43,2.75,BR,1611964950
354,los llanos de aridane,28.6585,-17.9182,66.2,82,0,6.91,ES,1611964677
355,kuala terengganu,5.3302,103.1408,78.8,73,40,5.75,MY,1611964870
356,boende,-0.2167,20.8667,71.76,89,97,2.55,CD,1611964950
357,petropavlovsk-kamchatskiy,53.0452,158.6483,17.6,62,74,8.95,RU,1611964950
358,fairbanks,64.8378,-147.7164,5.0,77,1,2.68,US,1611964832
359,komsomolskiy,40.4272,71.7189,30.2,55,51,4.61,UZ,1611964951
360,sechura,-5.5569,-80.8222,78.37,63,1,17.43,PE,1611964951
361,sitka,57.0531,-135.33,37.4,52,90,9.22,US,1611964951
362,merauke,-8.4667,140.3333,82.35,81,93,14.94,ID,1611964951
363,nemuro,43.3236,145.575,26.6,100,75,3.44,JP,1611964951
364,burns lake,54.2331,-125.7533,12.2,73,100,3.44,CA,1611964805
365,aksha,50.2814,113.2867,-14.87,84,93,1.14,RU,1611964952
366,flinders,-34.5833,150.8552,73.0,97,96,10.0,AU,1611964952
367,tocopilla,-22.092,-70.1979,67.42,61,4,6.87,CL,1611964952
368,kapit,2.0167,112.9333,74.25,95,95,0.2,MY,1611964952
369,iqaluit,63.7506,-68.5145,-13.0,77,90,31.07,CA,1611964813
370,strathaven,55.6771,-4.0668,37.0,99,79,9.91,GB,1611964953
371,camabatela,-8.1881,15.375,62.46,100,97,2.21,AO,1611964953
372,bandarbeyla,9.4942,50.8122,72.5,75,29,9.82,SO,1611964953
373,yongan,39.6957,113.6871,17.91,84,0,6.22,CN,1611964953
374,zyryanka,65.75,150.85,-23.46,86,100,11.1,RU,1611964953
375,coihaique,-45.5752,-72.0662,60.8,41,0,10.36,CL,1611964954
376,kailua,21.4022,-157.7394,80.6,65,75,14.97,US,1611964658
377,altay,47.8667,88.1167,2.89,77,32,1.59,CN,1611964823
378,bairiki,1.3292,172.9752,84.2,74,40,12.66,KI,1611964954
379,luanda,-8.8368,13.2343,78.8,83,20,6.91,AO,1611964955
380,lahij,13.1667,44.5833,65.89,78,0,4.05,YE,1611964955
381,sharkan,57.2989,53.8712,25.0,92,100,1.01,RU,1611964955
382,leshukonskoye,64.8989,45.7622,10.87,94,100,8.88,RU,1611964955
383,helong,42.5397,128.9972,9.34,88,93,4.41,CN,1611964955
384,ulagan,50.6321,87.9563,12.63,83,57,3.13,RU,1611964956
385,pangobilian,8.8011,117.8594,79.41,75,87,13.27,PH,1611964956
386,mwinilunga,-11.7358,24.4293,61.45,93,100,1.68,ZM,1611964956
387,port macquarie,-31.4333,152.9167,77.0,81,93,3.0,AU,1611964734
388,muzhi,65.3667,64.6667,-37.97,80,50,2.98,RU,1611964956
389,mogadouro,41.3403,-6.7119,50.0,91,81,11.99,PT,1611964957
390,guerrero negro,27.9769,-114.0611,65.07,66,2,17.31,MX,1611964957
391,vila franca do campo,37.7167,-25.4333,59.0,94,20,4.61,PT,1611964957
392,faya,18.3851,42.4509,59.0,38,0,5.75,SA,1611964957
393,pasni,25.2631,63.471,65.19,52,0,4.81,PK,1611964957
394,mamallapuram,12.6264,80.1722,75.2,88,75,8.99,IN,1611964958
395,sorong,-0.8833,131.25,81.63,75,100,4.09,ID,1611964958
396,hasaki,35.7333,140.8333,37.4,35,20,12.66,JP,1611964958
397,trairi,-3.2778,-39.2689,79.81,79,97,11.01,BR,1611964958
398,jiazi,22.8779,116.067,53.38,65,0,17.43,CN,1611964958
399,ayr,55.4627,-4.6339,37.4,81,40,12.66,GB,1611964836
400,yelizovo,53.1873,158.3805,17.6,62,51,8.95,RU,1611964959
401,laguna,38.421,-121.4238,54.0,66,90,4.61,US,1611964959
402,saint-philippe,-21.3585,55.7679,77.0,65,0,6.91,RE,1611964959
403,high rock,26.6208,-78.2833,59.0,72,20,5.75,BS,1611964959
404,puerto carreno,6.189,-67.4859,84.83,52,95,13.87,CO,1611964673
405,rio claro,-22.4114,-47.5614,77.0,65,0,3.44,BR,1611964919
406,kambia,9.1167,-12.9167,73.71,88,0,4.21,SL,1611964960
407,kodinar,20.7903,70.7031,62.92,30,64,12.55,IN,1611964960
408,pimenteiras,-6.2453,-41.4192,72.97,86,100,4.47,BR,1611964960
409,byron bay,-28.65,153.6167,80.01,69,90,9.22,AU,1611964960
410,lingdong,46.5669,131.1453,-9.8,83,70,0.85,CN,1611964960
411,ponta delgada,37.7333,-25.6667,59.0,94,20,4.61,PT,1611964961
412,dawson creek,55.7666,-120.2362,1.4,71,1,4.61,CA,1611964961
413,bani walid,31.7566,13.9942,59.85,40,4,12.35,LY,1611964961
414,narrabri,-30.3167,149.7833,82.4,34,94,11.5,AU,1611964961
415,lubango,-14.9172,13.4925,59.85,79,84,2.75,AO,1611964961
416,rundu,-17.9333,19.7667,67.37,91,97,3.04,NA,1611964961
417,baillif,16.0202,-61.7463,77.0,78,75,3.44,GP,1611964962
418,hailey,43.5196,-114.3153,33.8,100,90,6.91,US,1611964962
419,wamba,8.9333,8.6,74.71,20,0,4.99,NG,1611964962
420,marsa matruh,31.3525,27.2453,51.8,66,40,6.91,EG,1611964962
421,milkovo,54.7167,158.6167,0.73,91,100,5.53,RU,1611964963
422,raudeberg,61.9875,5.1352,33.01,88,95,22.62,NO,1611964963
423,eureka,40.8021,-124.1637,51.01,71,83,7.0,US,1611964963
424,vikramasingapuram,8.714,77.3893,78.8,83,40,2.33,IN,1611964963
425,bilma,18.6853,12.9164,60.66,29,10,6.15,NE,1611964963
426,mangochi,-14.4782,35.2645,73.17,87,100,1.99,MW,1611964963
427,paamiut,61.994,-49.6678,32.72,85,72,7.92,GL,1611964964
428,zhigansk,66.7697,123.3711,-44.55,78,87,7.47,RU,1611964964
429,hambantota,6.1241,81.1185,75.47,82,93,8.61,LK,1611964964
430,buraydah,26.326,43.975,55.4,50,0,6.91,SA,1611964964
431,carlsbad,33.1581,-117.3506,54.0,87,90,4.61,US,1611964964
432,hue,16.4667,107.6,62.6,100,40,2.3,VN,1611964965
433,apt,43.8833,5.4,48.2,66,0,4.61,FR,1611964965
434,havoysund,70.9963,24.6622,17.6,79,75,3.44,NO,1611964965
435,pozo colorado,-23.4923,-58.7972,80.4,75,98,6.13,PY,1611964965
436,sivas,39.7916,37.0019,6.8,92,0,9.22,TR,1611964966
437,brooks,50.5834,-111.8851,12.2,79,20,2.3,CA,1611964966
438,kholodnyy,62.7167,147.95,-24.45,81,100,3.67,RU,1611964966
439,evensk,61.95,159.2333,-2.79,84,99,14.74,RU,1611964966
440,margate,51.3813,1.3862,46.0,85,99,1.01,GB,1611964844
441,alakurtti,66.9672,30.3491,12.0,88,100,5.99,RU,1611964967
442,phuntsholing,26.8516,89.3884,55.42,40,0,6.06,BT,1611964967
443,jutai,-5.1833,-68.9,75.29,94,98,1.61,BR,1611964967
444,talnakh,69.4865,88.3972,-31.97,65,1,2.51,RU,1611964968
445,lovozero,68.005,35.0117,4.15,93,100,6.2,RU,1611964968
446,kihei,20.785,-156.4656,80.6,54,20,24.16,US,1611964802
447,axim,4.8699,-2.2405,78.15,85,50,2.59,GH,1611964968
448,rudnichnyy,59.617,52.4703,24.91,98,100,8.05,RU,1611964968
449,nantucket,41.2835,-70.0995,23.0,73,90,27.63,US,1611964968
450,hollabrunn,48.55,16.0833,44.01,78,74,1.01,AT,1611964969
451,maniitsoq,65.4167,-52.9,21.18,76,0,4.14,GL,1611964969
452,bang bo,13.5743,100.8353,75.99,73,20,4.61,TH,1611964969
453,kloulklubed,7.0419,134.2556,82.4,69,75,11.5,PW,1611964969
454,mancio lima,-7.6142,-72.8958,76.75,82,58,3.18,BR,1611964969
455,antsohihy,-14.8796,47.9875,71.8,94,94,3.47,MG,1611964970
456,banepa,27.6298,85.5214,39.2,93,20,3.44,NP,1611964970
457,manaure,11.7751,-72.4445,79.61,64,17,19.19,CO,1611964970
458,shu,43.5983,73.7614,16.36,84,0,1.41,KZ,1611964970
459,hirara,24.8,125.2833,57.2,67,40,5.75,JP,1611964970
460,mana,5.6592,-53.7767,76.51,89,100,11.99,GF,1611964970
461,imbituba,-28.24,-48.6703,73.4,94,100,2.3,BR,1611964971
462,dudinka,69.4058,86.1778,-36.6,78,4,4.94,RU,1611964971
463,pytalovo,57.0679,27.9138,26.1,98,100,8.55,RU,1611964971
464,adrar,20.5022,-10.0711,65.95,24,0,10.13,MR,1611964971
465,muros,42.7762,-9.0603,57.99,82,99,14.0,ES,1611964971
466,tazovskiy,67.4667,78.7,-37.21,79,0,5.93,RU,1611964972
467,taltal,-25.4,-70.4833,64.83,73,22,1.48,CL,1611964972
468,killybegs,54.6333,-8.45,42.01,92,100,15.01,IE,1611964972
469,payakumbuh,-0.2202,100.6308,69.8,89,100,1.97,ID,1611964973
470,antofagasta,-23.65,-70.4,68.0,68,20,11.5,CL,1611964973
471,burnie,-41.0667,145.9167,62.31,81,98,9.1,AU,1611964695
472,sao joao da barra,-21.6403,-41.0511,78.37,79,20,22.53,BR,1611964973
473,batagay,67.6333,134.6333,-45.35,75,99,0.51,RU,1611964973
474,washington,47.5001,-120.5015,39.99,81,69,2.01,US,1611964696
475,ikalamavony,-21.15,46.5833,67.42,87,15,5.14,MG,1611964759
476,mold,53.1667,-3.1414,42.01,96,100,5.01,GB,1611964974
477,tsevie,6.4261,1.2133,80.6,78,20,4.61,TG,1611964974
478,bahia honda,22.9036,-83.1592,68.56,73,88,10.94,CU,1611964974
479,keningau,5.3378,116.1602,73.4,94,20,5.75,MY,1611964975
480,nizhniy odes,63.6445,54.856,-1.01,92,100,11.86,RU,1611964975
481,barreirinhas,-2.7469,-42.8264,78.6,83,100,7.92,BR,1611964837
482,bridgetown,13.1,-59.6167,77.0,78,40,11.5,BB,1611964743
483,umm kaddadah,13.6017,26.6876,62.58,28,0,20.36,SD,1611964975
484,griffith,41.5284,-87.4237,32.0,64,75,5.75,US,1611964975
485,ambon,-3.6954,128.1814,86.0,66,40,5.75,ID,1611964976
486,waddan,29.1614,16.139,56.93,46,0,5.77,LY,1611964976
487,mandurah,-32.55,115.7,66.99,62,0,5.99,AU,1611964976
488,weligama,5.9667,80.4167,74.64,89,73,3.69,LK,1611964976
489,folldal,62.1325,9.9968,8.73,80,54,4.65,NO,1611964977
490,vostok,46.4856,135.8833,-13.79,89,100,1.97,RU,1611964977
491,nauta,-4.5061,-73.5757,76.78,89,95,0.92,PE,1611964977
492,vestmanna,62.1564,-7.1664,32.0,74,90,3.44,FO,1611964977
493,kontagora,10.3999,5.4695,76.44,18,24,8.59,NG,1611964978
494,sahuaripa,29.05,-109.2333,72.61,32,91,6.73,MX,1611964978
495,darhan,49.4867,105.9228,0.72,91,96,2.59,MN,1611964903
496,magway,20.15,94.9167,61.3,42,0,0.49,MM,1611964978
497,sarab,38.6066,44.9883,34.27,91,99,0.47,IR,1611964979
498,rottenmann,47.5167,14.35,35.01,100,75,2.3,AT,1611964979
499,port hedland,-20.3167,118.5667,87.8,70,58,4.61,AU,1611964912
500,stornoway,58.2093,-6.3865,37.4,75,1,10.36,GB,1611964941
501,omboue,-1.5746,9.2618,77.72,89,100,4.81,GA,1611964979
502,emerald,-23.5333,148.1667,84.99,54,40,8.05,AU,1611964856
503,linxia,35.6003,103.2064,21.79,79,100,1.39,CN,1611964980
504,corinto,37.9407,22.9573,48.99,70,79,3.0,GR,1611964980
505,campos altos,-19.6961,-46.1714,65.82,77,98,2.08,BR,1611964834
506,kindu,-2.95,25.95,70.34,91,99,1.21,CD,1611964980
507,bandiagara,14.3501,-3.6104,73.53,19,0,10.71,ML,1611964981
508,tateyama,34.9833,139.8667,41.0,52,20,4.61,JP,1611964981
509,dhidhdhoo,6.8833,73.1,80.08,68,0,4.45,MV,1611964981
510,yantal,56.8471,105.2542,-25.53,82,99,3.11,RU,1611964981
511,codrington,-38.2667,141.9667,61.88,75,100,10.33,AU,1611964982
512,enid,36.3956,-97.8784,51.01,62,1,16.11,US,1611964982
513,deputatskiy,69.3,139.9,-30.35,87,100,2.01,RU,1611964982
514,vardo,70.3705,31.1107,24.87,96,100,20.0,NO,1611964983
515,liberal,37.0431,-100.921,51.8,50,1,11.5,US,1611964983
516,ontario,34.0633,-117.6509,52.0,87,90,4.61,US,1611964778
517,asau,46.4333,26.4,37.99,60,98,4.72,RO,1611964983
518,fiche,9.8,38.7333,47.97,51,0,2.26,ET,1611964983
519,boa vista,2.8197,-60.6733,86.0,51,75,6.91,BR,1611964984
520,paulinia,-22.7611,-47.1542,80.6,69,0,3.44,BR,1611964909
521,raga,8.4596,25.678,69.06,22,50,6.33,SS,1611964984
522,bud,39.447,-86.1758,28.99,78,7,5.97,US,1611964984
523,barra do garcas,-15.89,-52.2567,75.69,84,94,3.4,BR,1611964985
524,hongjiang,27.11,109.9956,45.86,87,100,2.04,CN,1611964985
525,comodoro rivadavia,-45.8667,-67.5,60.8,44,20,10.36,AR,1611964985
526,kargasok,59.0556,80.8572,-32.37,83,0,7.49,RU,1611964985
527,shimoda,34.6667,138.95,43.0,52,20,4.61,JP,1611964985
528,juba,4.8517,31.5825,78.67,40,47,0.89,SS,1611964986
529,nago,26.5881,127.9761,59.0,76,1,5.75,JP,1611964986
530,cienfuegos,22.1461,-80.4356,69.8,60,31,10.36,CU,1611964986
531,cape coast,5.1053,-1.2466,79.05,83,93,7.27,GH,1611964987
532,oil city,41.4339,-79.7064,21.99,73,90,6.91,US,1611964987
533,bani,18.2833,-70.3333,78.01,93,2,11.21,DO,1611964987
534,launceston,-41.45,147.1667,70.0,77,40,16.11,AU,1611964987
535,santa cruz,-17.8,-63.1667,75.2,94,75,17.27,BO,1611964987
536,valdivia,-39.8142,-73.2459,66.2,59,40,8.05,CL,1611964703
537,camacha,33.0833,-16.3333,62.6,82,75,6.91,PT,1611964988
538,dondo,-19.6094,34.7431,80.6,89,40,3.22,MZ,1611964988
539,vangaindrano,-23.35,47.6,75.43,90,32,5.19,MG,1611964988
540,dunda,-8.1167,34.25,65.55,93,97,3.15,TZ,1611964988
541,kalmunai,7.4167,81.8167,74.82,90,61,8.39,LK,1611964989
542,camocim,-2.9022,-40.8411,79.72,80,91,13.8,BR,1611964989
543,inhambane,-23.865,35.3833,78.21,83,25,1.52,MZ,1611964989
544,padang,-0.9492,100.3543,73.4,100,75,4.61,ID,1611964989
545,namatanai,-3.6667,152.4333,84.7,75,86,13.76,PG,1611964989
546,denpasar,-8.65,115.2167,78.8,94,40,1.14,ID,1611964842
547,ferry pass,30.5102,-87.2125,54.0,57,1,5.75,US,1611964990
548,guasdualito,7.2424,-70.7324,80.24,48,76,4.41,VE,1611964990
549,tual,-5.6667,132.75,83.97,74,100,15.82,ID,1611964990
550,mitsamiouli,-11.3847,43.2844,82.67,71,100,9.71,KM,1611964990
551,elbistan,38.2059,37.1983,12.24,90,3,0.29,TR,1611964990
552,ambatolampy,-19.3833,47.4167,62.6,94,75,3.44,MG,1611964991
553,takoradi,4.8845,-1.7554,78.44,84,80,5.23,GH,1611964991
554,kifri,34.6959,44.9661,48.76,77,61,5.95,IQ,1611964991
555,lenine,45.2986,35.7771,42.3,75,100,24.61,UA,1611964991
556,nhulunbuy,-12.2333,136.7667,86.0,70,40,12.66,AU,1611964876
557,hit,33.6416,42.8251,50.18,65,0,8.57,IQ,1611964992
558,aklavik,68.2191,-135.0107,-31.0,75,75,2.3,CA,1611964992
559,fereydun kenar,36.6864,52.5225,51.94,80,100,5.41,IR,1611964992
560,sita buzaului,45.65,26.0667,37.0,92,100,4.63,RO,1611964992
